User 0: 5808,259887,178279,292504,3297,98087,10103,246377,1013224538,3641188801
User 13880645: 1013224538,2652953122,15656,37855,5808,178279,259887,297160,248358,252920
User 12571824: 15656,1372047272,5808,667788361,4440747756,623826388,65,10100,259887,1000
User 13004253: 15656,292504,623826388,1372047272,299312,5808,26946,178279,3641188801,98087
User 16779219: 65,15656,10100,3297,3918,10103,85381,4172036782,98087,1422147710
User 16442524: 140017,293326,274486,15272,13276,7990,167310752,180496,192159,298274
User 18836076: 1367369652,11908,167310752,145736,1013224538,3641188801,62564,10103,606565167,180183
User 16059753: 178279,1126068419,192159,246377,3412,28723,297160,26946,4172036782,259887
User 18172623: 28723,22766,193792,1372047272,15656,19735,22781,291927,10103,145736
User 11437634: 1372047272,15272,279706,98087,5808,1359800743,192159,140017,16232,4027624215
User 12542450: 15656,5808,2652953122,1013224538,178279,84480,259887,37855,3918,297160
User 15927166: 10093,29060,292504,110172,234062,1367369652,4594778566,175477,180496,4027624215
User 15514336: 62564,84480,25840,3903,29060,9031920571,1126068419,6964369749,287754,3412
User 15732650: 1126068419,295161,287754,29060,178279,984511820,10100,572421629,37855,5808
User 12791621: 29060,15656,1013224538,1126068419,984511820,10100,37855,259887,4027624215,10103
User 18952261: 15656,98087,5808,1126068419,85381,192159,259887,19735,10103,62564
User 17295976: 287754,29060,37855,259887,267557,4027624215,298274,1013224538,251007,286651
User 10370124: 84480,74707,72608,175765,282928,47291,286875,29060,5081709038,65
User 15386538: 283846,932399147,4058681588,267557,10100,846629637,4378855865,110172,1921968352,29060
User 10611631: 1126068419,5808,1013224538,28723,10103,1422147710,29060,5258449130,1367369652,259887
User 13994812: 251007,1372047272,29060,5808,175477,1921968352,616980562,118081,699596682,704856507
User 15560224: 3224344976,5258449130,1029,30746,5798,62560,24708,3722686216,275397,4172036782
User 11517422: 5798,1029,834046950,4378855865,169119,6964432726,5928583379,118081,1182080600,259551
User 15794797: 5808,3297,178279,85577,1126068419,72608,282928,184728,145736,17115
User 19824820: 192159,74707,22766,5808,27240,295161,84469,281934,175466,18766
User 19801386: 295161,292504,178279,572421629,241637,10100,84498,6196535980,584964332,62564
User 16939016: 3297,29060,10100,4594778566,5258449130,102238,255230,499,271357,1565
User 13233424: 178279,15656,17115,4027624215,610483525,10103,3412,297160,1367369652,192159
User 10521730: 984511820,259887,15656,29060,282357,6964372893,1367369652,10093,3918,180183
User 18065146: 15272,555692794,3422,3297,30690,1371754294,6083,3641188801,110345,299312
User 16123839: 58682,5808,193792,110172,292504,1372047272,22766,5775,1395055222,178279
User 14692424: 15656,37855,271357,110172,85577,5258449130,72608,22766,562332391,28723
User 12934024: 5808,1013224538,37855,3297,28723,192159,85577,252920,3918,72608
User 12406461: 15656,1126068419,5808,3297,5775,1367369652,84480,29060,259887,28723
User 12441917: 178279,28723,98087,1126068419,5808,5993643095,3722686216,4486873654,614073139,1372047272
User 18507022: 72608,19735,15656,29060,4027624215,16232,287754,846629637,26946,3259744496
User 17666257: 22781,292504,192159,19735,60181,5812,1151208148,579302405,2652953122,1126068419
User 19894323: 1126068419,5808,85381,28723,292504,180183,29060,3918,19735,246377
User 17797252: 1126068419,51436,62564,37855,2652953122,85381,1013224538,22781,286651,238079
User 16882192: 47291,282357,15656,84408,62564,85381,84480,562332391,1013224538,271357
User 19928034: 259887,98087,1367369652,988423602,3641188801,17115,1422147710,246377,5987,241346
User 10577647: 267557,499,251733,274486,84480,286633,3297,6964382172,6964389719,24228
User 15244957: 178279,1013224538,248358,28723,37855,193792,2652953122,295161,10103,85577
User 15567127: 1126068419,5808,37855,15656,178279,16232,192159,1367369652,5775,287754
User 15604729: 15656,29060,178279,1367369652,10103,84480,37855,16232,932399147,10093
User 10702059: 5753595125,3385814678,287754,1029,13276,5303612776,30690,5928583379,4772759303,412221533
User 17821946: 65882,585050534,499,37855,1367369652,251733,5812,282357,3259744496,62564
User 18001760: 22781,242031,3259744496,15656,271357,602804672,499,19735,26946,295161
User 11901665: 15656,29060,1126068419,1367369652,5808,1013224538,259887,10103,271357,562332391
User 15131736: 178279,1126068419,1013224538,85577,5258449130,10103,5775,29060,562332391,98087
User 18404315: 178279,15656,259887,5808,1013224538,29060,85577,37855,84480,11908
User 11192626: 15656,1126068419,5808,178279,27240,29060,297160,1013224538,1367369652,72608
User 12789108: 5808,1126068419,98087,26946,297160,85381,29060,10103,27240,5504541424
User 17163115: 295161,5808,37855,259887,1013224538,178279,499,15656,29060,4027624215
User 12641004: 114667,192159,287754,3412,98087,1126068419,1013224538,5775,616991921,238079
User 15335760: 98087,287754,15656,178279,10100,11908,1367369652,932399147,5808,37855
User 11965254: 178279,15656,259887,5808,37855,3297,1013224538,29060,192159,3918
User 16988043: 29060,5808,98087,16232,178279,192159,1422147710,3412,10093,1367369652
User 16756017: 110118,1367369652,1422147710,29060,98087,72608,292504,4594778566,4027624215,26946
User 10614625: 271357,585050534,51436,181952,614090151,2291,293326,2809,1372047272,5808
User 19515421: 110118,1367369652,29060,4027624215,175477,292504,98087,4594778566,65424,72608
User 17405009: 1367369652,10093,6964432726,11677,110118,234062,29060,3297,26946,6083
User 17454817: 5808,984511820,84498,193792,15656,28723,298274,4594778566,252920,295161
User 13634631: 5808,15656,1013224538,65,4027624215,259887,110118,84480,4172036782,72608
User 16411926: 84480,29060,178279,72608,98087,15656,5258449130,5808,1372047272,932399147
User 13602608: 3297,178279,192159,3918,98087,29060,1367369652,17115,10103,292504
User 17466107: 30690,5847158141,1371754294,1399276087,192159,84469,246377,6964432726,2932,287478
User 17886844: 29060,110118,1367369652,4594778566,10093,4027624215,72608,292504,26946,27240
User 17739994: 5808,246377,29060,178279,424926402,1000,271357,192159,1372047272,6964372893
User 15846912: 1371754294,84469,243677,246377,5847158141,30690,5753595125,192159,4474927730,299312
User 13362925: 192159,30690,84469,10093,3297,180496,1422147710,182201,4474927730,243677
User 19026974: 98087,118081,275397,293326,3722686216,958967455,175477,110345,292504,572421629
User 19104262: 1126068419,15656,178279,1013224538,98087,19735,29060,287754,1372047272,246377
User 12385889: 5808,1126068419,84480,29060,72608,1013224538,667788361,10103,19735,4172036782
User 10146602: 15656,178279,1126068419,29060,259887,74707,1372047272,4172036782,84480,1013224538
User 11722906: 22781,84480,294406,74707,15656,4594778566,175765,154696,72608,84408
User 11315075: 15656,22781,84480,29060,5258449130,4594778566,74707,178279,154696,175765
User 15485706: 192159,246377,3297,234062,287478,10100,5987,17115,29060,378772875
User 16100723: 62564,29060,178279,3297,5808,1422147710,19735,298274,297160,84480
User 18966240: 562332391,84469,84480,98087,15656,1367369652,29060,5847158141,16232,251007
User 10639500: 3297,5808,292504,248331,26360,299312,616991921,6196535980,424926402,623826388
User 16604920: 178279,15656,3297,84480,85381,1372047272,5775,1013224538,699596682,6964509115
User 18553055: 178279,5808,28723,27240,37855,2652953122,84480,1013224538,10103,62564
User 17277688: 1372047272,15656,3297,259887,192159,616991921,2809,77592,271357,7389
User 18553590: 15656,29060,65,178279,110118,4594778566,84498,1372047272,251007,10100
User 15790142: 246377,275397,30690,2275305671,610483525,919273391,180496,412221533,293326,1371754294
User 14513439: 26946,77592,192159,15272,606565167,84408,237700,3641188801,2269777356,297160
User 10076263: 281934,1126068419,293326,65882,26946,984511820,1013224538,298274,184728,5808
User 12862888: 1126068419,5808,178279,287754,85381,259887,5775,15656,37855,282357
User 13470788: 298274,84480,4027624215,274486,3297,287754,1013224538,499,178279,1126068419
User 18083932: 1126068419,1013224538,298274,5808,5775,1422147710,259887,62564,287754,178279
User 15942934: 274486,85381,19735,267557,178279,62564,5808,1372047272,298274,84480
User 10613328: 5258449130,15656,1013224538,1367369652,294406,4474927730,85577,562332391,98087,178279
User 13903530: 1126068419,15656,27240,178279,1422147710,5808,1013224538,145736,10103,2652953122
User 15884728: 17115,178279,15656,610483525,1367369652,246377,10103,192159,110118,3641188801
User 12739368: 3641188801,287754,62564,15272,297160,520115328,14477,4378855865,3412,62560
User 14142424: 15272,5258449130,286875,28723,169119,5808,297160,74707,145736,584964332
User 15388801: 4172036782,178279,1013224538,286633,175477,259887,5808,5258449130,1277957195,98087
User 18520455: 178279,5808,98087,1372047272,292504,29060,15656,1126068419,259887,118081
User 19711968: 192159,27240,3297,5808,65882,5775,1422147710,145736,178279,6964372893
User 13317579: 425574571,5847158141,1399276087,287478,30690,144333121,613338059,24228,275397,4379536292
User 19572730: 562332391,242031,3903,32872,84469,282357,84408,579302405,3412,47291
User 19101100: 271357,15656,9031920571,178279,2291,958967455,145736,110118,7990,295161
User 13655596: 1126068419,15656,246377,37855,192159,178279,26946,282929,3412,2652953122
User 12407578: 293326,378772875,193792,292504,102238,298659,295169,614073139,678166630,28723
User 10253747: 3297,10100,17115,246377,29060,98087,234062,27240,287478,292504
User 12990431: 3297,5808,15656,17115,178279,84480,1126068419,192159,37855,4261
User 17292606: 5808,246377,178279,84480,192159,98087,292504,10103,17115,1367369652
User 16954290: 1422147710,178279,292504,5808,5775,259887,98087,6964372893,3918,10103
User 16981027: 28723,259551,22766,3385814678,14335,255230,3871382696,5753595125,6070455513,27111
User 16568383: 5808,1126068419,178279,15656,37855,84498,29060,10103,259887,19735
User 16394447: 29060,4027624215,499,7990,3903,11677,1118095676,37855,266991,14477
User 11826927: 1126068419,29060,259887,62564,16232,5808,1013224538,3297,178279,271357
User 17545966: 958967455,585050534,298274,412221533,24228,275643,6964389719,84803,13276,614090151
User 18935074: 29060,295161,499,176672,37855,282357,51436,958967455,47291,645565725
User 18203000: 4486873654,1126068419,15656,28723,4440747756,614073139,1659144539,5993643095,4172036782,678166630
User 19889694: 29060,295161,499,37855,5808,6964372893,958967455,47291,4027624215,2291
User 18655830: 15272,287754,24046,282929,26946,4340239883,613338059,3412,24228,72608
User 11747893: 902194547,6964355876,184728,15272,13276,595244685,26946,282928,412221533,93434
User 14337110: 271357,37855,178279,65882,84498,1029,29060,5808,259887,984511820
User 15297415: 1126068419,15656,5808,3918,259887,85577,297160,562332391,5775,169119
User 13481293: 29060,37855,17115,15656,932399147,271357,610483525,259887,5808,10100
User 18513809: 16232,7990,1422147710,62564,932399147,610483525,4474927730,279706,65,84480
User 14427347: 5808,246377,178279,192159,15656,29060,110172,251007,62564,267557
User 19900981: 178279,271357,1372047272,15656,1126068419,3297,192159,180183,251007,84480
User 13310560: 286651,286633,274486,267557,84480,16232,298274,1126068419,178279,1422147710
User 12458552: 29060,178279,62564,932399147,192159,37855,3918,259887,11908,19735
User 13198542: 5808,62564,1422147710,29060,15656,19735,4027624215,3297,98087,1126068419
User 11761571: 15656,287754,3918,98087,26946,192159,1126068419,5808,10103,29060
User 12053638: 5808,246377,28723,178279,98087,1126068419,77592,610483525,27240,616991921
User 17904720: 1126068419,145736,1422147710,3385814678,178279,5808,15656,15272,169119,27240
User 14422685: 192159,3297,15656,26946,98087,1422147710,3412,10103,178279,5808
User 11613862: 4340239883,27111,13276,4486873654,193792,298274,27240,3871382696,1359800743,1182080600
User 11012637: 178279,5808,271357,15656,932399147,10100,37855,4027624215,3297,84480
User 13639034: 62564,292504,3297,5808,1367369652,1126068419,98087,17115,297160,3918
User 16825279: 14335,15448,4340239883,26946,3422,53793,9031920571,282929,18766,2452820820
User 15092180: 5808,15656,1126068419,98087,1013224538,19735,85577,180183,85381,3297
User 19625808: 24228,723476024,259551,3871382696,4440747756,5666649002,4340239883,2932,282929,1182080600
User 18549459: 22781,3259744496,295161,20826,15272,572421629,37855,23512,13276,9031920571
User 11011770: 5808,1126068419,98087,85577,29060,1013224538,246377,3297,180183,19735
User 12108578: 5808,1372047272,1126068419,15656,299312,180183,65,3918,84515,623826388
User 14312560: 1126068419,5808,29060,297160,246377,1013224538,178279,10103,37855,77592
User 18794426: 15656,1126068419,178279,27240,192159,3297,98087,28723,297160,22766
User 18699523: 259887,84498,298274,984511820,1013224538,19735,3641188801,5775,295161,192159
User 10751923: 15656,5808,98087,1126068419,1422147710,3297,29060,1013224538,292504,85577
User 12494390: 5808,15656,98087,1126068419,1013224538,3297,29060,19735,4027624215,1372047272
User 14168528: 178279,5808,15656,1013224538,98087,19735,1126068419,1422147710,1372047272,259887
User 10145540: 15656,5808,1126068419,98087,3297,1013224538,19735,85577,1422147710,85381
User 11582633: 1126068419,271357,1013224538,15656,37855,246377,984511820,178279,192159,22766
User 13270054: 287754,412221533,30690,6964380860,298274,3541,1399276087,613338059,984511820,5987
User 10603088: 51436,102238,2932,24046,248727,14335,14477,167270599,5303612776,20826
User 12687294: 271357,932399147,5808,37855,15656,178279,10103,4027624215,10100,10093
User 15484879: 1126068419,572421629,287754,1395055222,4772759303,1399276087,22766,28723,2275305671,283162
User 15666511: 19735,98087,178279,699596682,29060,932399147,16232,62564,180496,5775
User 10981725: 3412,1126068419,7990,15272,16232,932399147,192159,37855,292504,5987
User 10417172: 287754,19735,72608,10100,4027624215,1126068419,62564,1013224538,16232,5808
User 15020653: 4027624215,3259744496,10100,5666649002,5920177625,271357,175477,20488,19735,110172
User 16282660: 15656,1013224538,2652953122,178279,259887,37855,5808,65954,193792,252920
User 16164188: 15656,178279,29060,1372047272,1126068419,3297,259887,84480,192159,98087
User 13551252: 572421629,3422,51436,9031920571,30746,378772875,242492,5928583379,196624,274486
User 10882916: 932399147,271357,178279,5808,15656,72608,37855,3918,10100,84480
User 11443554: 62564,178279,1126068419,1367369652,15656,29060,562332391,5808,65,623826388
User 12294892: 178279,62564,4027624215,287754,85381,298274,84480,699596682,5808,1013224538
User 17627627: 5258449130,15656,18766,294406,259887,85577,562332391,74707,98087,251007
User 13907337: 1013224538,178279,5808,62564,29060,2652953122,15656,3297,298274,3918
User 14432338: 5808,15656,4027624215,3297,16232,37855,98087,1372047272,292504,1126068419
User 12067194: 178279,276537,287754,62564,1013224538,259887,1126068419,84469,19735,37855
User 10884708: 6964355876,902194547,184728,13276,98087,282928,15272,595244685,193792,167376
User 14122388: 1126068419,62564,5808,1367369652,29060,178279,15656,562332391,623826388,17115
User 12342431: 5808,178279,246377,110172,15656,1422147710,85381,98087,27240,267557
User 16428221: 178279,5808,297160,3641188801,292504,37855,10093,1126068419,61421,62564
User 16792355: 74707,1921968352,1029,22766,65882,60181,3259744496,2603278873,9031920571,20826
User 12465184: 5808,246377,178279,15656,110172,192159,4027624215,72608,10093,1422147710
User 12481481: 15656,29060,19735,932399147,287754,251007,110118,1372047272,562332391,5808
User 18001762: 1126068419,29060,178279,259887,1013224538,16232,5808,7990,1367369652,62564
User 15987325: 29060,62564,10100,251007,5808,84480,5775,37855,932399147,10093
User 19907884: 5808,252920,15656,28723,5610587670,1422147710,298274,26946,84498,3297
User 19676805: 98087,62564,29060,15656,5808,3297,180183,16232,1013224538,37855
User 15984185: 19735,62564,699596682,932399147,298274,180496,499,3297,271357,295161
User 12574098: 562332391,294406,1029,255230,1126068419,169119,193792,5808,15272,27240
User 14236258: 62564,178279,298274,15656,5808,51436,2652953122,180183,85381,145736
User 17832311: 1126068419,62564,5808,16232,259887,178279,572421629,29060,3297,65882
User 10464640: 5808,1422147710,298274,5610587670,252920,145736,1126068419,3297,74707,15656
User 11588493: 178279,19735,287754,1013224538,98087,192159,29060,699596682,16232,1372047272
User 14518480: 5808,178279,3297,297160,98087,84498,295161,1367369652,1126068419,15656
User 18838341: 295161,62564,51436,499,294406,32872,3259744496,271357,30746,602804672
User 13889180: 267557,286651,286633,274486,84480,1126068419,4027624215,298274,178279,3297
User 12517625: 5808,5610587670,252920,1422147710,28723,298274,15656,4486873654,4440747756,84498
User 16235004: 62564,110172,22781,286651,286633,267794,275643,4058681588,1126068419,562332391
User 18371155: 62564,298274,286633,180183,178279,51436,84469,145736,297160,6964509115
User 11779764: 62564,286633,51436,298274,267557,16232,6964389719,286651,4027624215,178279
User 12293804: 499,4917442412,62564,145736,51436,271357,298274,295161,3297,1367369652
User 12985940: 286651,267557,286633,298274,84480,274486,178279,4027624215,16232,1126068419
User 13852412: 3259744496,15272,15448,595244685,196624,614090151,242031,167310752,238079,1399276087
User 11553072: 27240,145736,252920,84498,723476024,67648,180183,5808,271357,22781
User 11487040: 4594778566,72608,1372047272,4027624215,623826388,65,292504,5808,10100,287754
User 10250159: 3422,295161,287754,15272,32872,5303884212,16232,37855,65954,9031920571
User 14470268: 27240,5808,15656,28723,5610587670,252920,192159,74707,26946,3297
User 15150123: 13276,22781,84469,1422147710,22766,19735,282357,178279,192159,5812
User 19905646: 196624,30746,259551,614073139,273420,65954,425574571,6964389719,9031920571,1565
User 11882807: 287754,15656,26946,14477,282929,5808,251007,4340239883,15272,5303612776
User 16131197: 62564,286633,286651,25840,499,85381,3297,6964509115,271357,287754
User 19265652: 15656,178279,1372047272,3297,192159,259887,1126068419,29060,27240,1013224538
User 10493948: 180496,3422,192159,6964432726,378772875,10100,298274,246377,2275305671,5987
User 17673206: 178279,1367369652,520115328,98087,3297,297160,292504,241637,23441,17115
User 16427266: 178279,98087,297160,180183,1126068419,27240,15656,5808,499,28723
User 16036071: 3297,5808,72608,1921968352,102238,110172,252724,3342994197,19326,251007
User 14252529: 1126068419,259887,29060,1013224538,5808,178279,16232,1367369652,271357,7990
User 12484308: 178279,3641188801,62564,297160,520115328,3297,98087,1367369652,16232,1126068419
User 18730486: 902194547,184728,412221533,193792,616991921,5753595125,4772759303,13276,167376,595244685
User 16399025: 259551,614073139,614090151,6964389719,2932,595244685,2452820820,6070455513,5753595125,834046950
User 11818101: 692396909,181820,1372047272,293326,424926402,5847158141,259887,282928,248331,3541
User 18637661: 572421629,613338059,9031920571,15272,5303884212,1565,24228,4772759303,241346,248331
User 18676703: 15656,178279,1126068419,5808,98087,10103,3412,84480,3918,6964369749
User 11765665: 1399276087,692396909,5847158141,6964432726,10100,181820,184728,295169,248331,2809
User 10620300: 29060,98087,3412,178279,259887,1126068419,15656,11908,5808,10103
User 12289074: 5808,15656,1126068419,3297,84480,98087,74707,1422147710,10103,5258449130
User 19688142: 6964432726,62564,1029,251007,287478,5920177625,241346,9031920571,5798,42881
User 11216730: 178279,292504,62564,5808,23441,110345,241637,16232,3641188801,520115328
User 13383991: 6196535980,93366,1367369652,3259744496,144333121,5847158141,167310752,3871382696,5303884212,47291
User 19250934: 15656,5808,2652953122,178279,37855,1013224538,29060,287754,84480,259887
User 16205540: 15656,178279,27240,1013224538,193792,2652953122,297160,145736,287754,984511820
User 16739346: 299312,292504,178279,1371754294,1422147710,192159,98087,180183,65,6083
User 10746056: 5808,1126068419,259887,178279,15656,287754,19735,37855,5775,10103
User 14797590: 62564,267557,286633,274486,286651,298274,1126068419,16232,178279,4027624215
User 17710401: 72608,4594778566,292504,1372047272,287754,4027624215,65,10100,623826388,11649
User 14335377: 84480,65,667788361,292504,11908,5763153469,1372047272,1422147710,178279,1367369652
User 11545787: 1367369652,98087,84480,3297,54244,15656,1422147710,178279,62564,11908
User 18679418: 178279,5808,1372047272,1422147710,10100,98087,65,299312,6964372893,3641188801
User 12354194: 178279,292504,5808,98087,1367369652,297160,520115328,623826388,3297,3641188801
User 17976484: 5258449130,74707,18766,15656,85577,4594778566,562332391,294406,6964372893,4474927730
User 19714547: 28723,193792,297160,114667,26946,259887,2652953122,238079,287754,1395055222
User 13810570: 248331,294406,282928,30690,3871382696,84469,84803,5666649002,4474927730,234062
User 12468016: 5808,178279,1126068419,98087,29060,85577,246377,28723,10103,3297
User 14319656: 6070455513,613338059,295169,623826388,1399276087,614073139,667788361,602804672,5847158141,5303612776
User 12032671: 98087,1422147710,15656,178279,3297,10100,10103,3918,62564,85577
User 13950795: 178279,5808,1126068419,85577,1013224538,98087,10103,29060,3297,72608
User 10578325: 3412,114667,246377,77592,15272,606565167,29060,699596682,167310752,1525093386
User 11402251: 287754,5808,295161,5775,15656,1013224538,84498,282357,1126068419,26946
User 14622418: 65882,984511820,271357,27240,169119,5775,287754,84498,9031920571,572421629
User 18170845: 699596682,3412,246377,19735,15272,15656,3641188801,114667,1525093386,5812
User 13917228: 1367369652,15656,178279,84480,246377,3297,5808,610483525,10103,1422147710
User 16015972: 23512,15272,2452820820,24046,1399276087,572421629,1395055222,14477,167310752,614090151
User 11751107: 24046,293326,26946,16232,3422,14477,572421629,74707,98087,297160
User 18714676: 1367369652,16232,259887,37855,29060,167310752,293326,13276,22781,4772759303
User 15496609: 259551,62560,42881,23512,282929,5753595125,30746,3541,613338059,267794
User 17937834: 298274,84498,984511820,1013224538,259887,1126068419,572421629,3641188801,5775,19735
User 16287374: 298274,84498,984511820,1013224538,3412,297160,5775,295161,572421629,259887
User 15999575: 298274,984511820,84498,19735,1126068419,1013224538,259887,5775,295161,572421629
User 11406274: 178279,15656,297160,3297,29060,2652953122,37855,1013224538,259887,298274
User 11389314: 15656,178279,1126068419,27240,3297,1372047272,192159,1013224538,29060,259887
User 14454079: 1013224538,15656,29060,178279,5775,10103,271357,1126068419,287754,37855
User 19184311: 5808,178279,27240,145736,17115,180183,98087,74707,1126068419,13276
User 12385857: 98087,15656,4549178556,4027624215,297160,192159,77592,19735,26946,279706
User 15321962: 555692794,606565167,297160,29060,246377,10093,251007,98087,3297,4027624215
User 19544520: 15656,178279,1126068419,1372047272,3297,27240,29060,1013224538,84480,1422147710
User 14448385: 5808,1126068419,178279,85577,98087,29060,1013224538,246377,28723,1367369652
User 13884635: 178279,15656,1372047272,1126068419,29060,192159,3297,292504,27240,259887
User 16804204: 298274,984511820,84498,3412,1126068419,1013224538,5775,259887,295161,3641188801
User 19530208: 6290951140,47291,286875,3857,5775,10100,29915,499,540923531,164967473
User 16426569: 15272,9031920571,287754,16232,3641188801,5303884212,65954,24228,37855,1565
User 13182131: 616991921,193792,1029,118081,3250,219976,184728,3385814678,62560,610483525
User 12749568: 282928,293326,242031,1126068419,51436,193792,125822,259887,7990,4172036782
User 19038275: 5666649002,723476024,5303884212,62560,24228,27111,196624,51436,614090151,13276
User 15952397: 293326,26946,14477,192159,16232,297160,3422,114667,572421629,18766
User 16381749: 1126068419,15656,5808,84480,562332391,29060,178279,65954,18766,2652953122
User 11344335: 292504,178279,3641188801,62564,241637,520115328,623826388,5808,16232,23441
User 17745354: 24228,958967455,13276,275397,5753595125,23512,281934,30746,20488,412221533
User 14222981: 22766,74707,193792,5808,3297,15656,110172,169119,178279,6964369749
User 13776547: 5808,606565167,555692794,246377,29060,98087,297160,259887,3297,610483525
User 17329106: 178279,17115,1367369652,10103,15656,297160,610483525,192159,110118,4027624215
User 13188363: 5763153469,248727,3722686216,1367369652,4172036782,167270599,24228,3857,195246,13489
User 11618548: 295161,287754,3422,1126068419,5775,84498,118081,37855,1013224538,65882
User 16425412: 5798,6964432726,259887,1029,219976,180496,3641188801,54244,118081,1000
User 16846280: 15656,178279,1126068419,3297,1372047272,29060,259887,27240,84480,1013224538
User 13046589: 167270599,62560,15448,1422147710,26946,242492,110172,5666649002,4340239883,15272
User 11281568: 22766,248358,5753595125,1921968352,3224344976,169119,3385814678,42881,13276,65882
User 15677375: 169119,22766,295161,5808,271357,3385814678,5753595125,178279,60181,614090151
User 10459005: 3412,246377,5808,15272,114667,1525093386,15656,167310752,606565167,984511820
User 13080738: 15272,167310752,27111,1921968352,2452820820,4440747756,14477,723476024,13276,616991921
User 17916635: 293326,614090151,5753595125,412221533,6070455513,60181,3385814678,4917442412,14335,24046
User 16536971: 287754,2652953122,298274,1013224538,283162,37855,3918,28723,193792,297160
User 11941410: 4027624215,6964382172,958967455,499,251007,13276,6964498152,5847158141,5928583379,14335
User 17011637: 15656,5808,37855,28723,246377,1013224538,27240,193792,67648,178279
User 15108590: 98087,15656,5808,19735,85577,610483525,145736,274486,1126068419,85381
User 15741604: 192159,22766,74707,5808,295161,4027624215,27240,175477,281934,178279
User 10998936: 192159,295161,84469,74707,5808,5258449130,281934,22766,27240,175466
User 11742241: 65882,984511820,572421629,287754,271357,169119,27240,84498,251733,5775
User 10488182: 193792,2452820820,3422,22781,62560,65954,102238,723476024,2932,4592067395
User 17978664: 958967455,271357,6070455513,3259744496,275643,602804672,275397,295161,13276,3385814678
User 11586759: 3297,5808,15656,192159,287478,238079,26946,10100,6083,2613054765
User 16237823: 294406,1029,562332391,3385814678,169119,15272,295161,286875,5258449130,145736
User 15632852: 10100,17115,29060,98087,84480,15656,178279,3918,246377,1126068419
User 19373075: 5808,1277957195,293326,77592,181952,246377,192159,282929,5753595125,1921968352
User 14874510: 271357,572421629,65882,984511820,84498,27240,169119,251733,1422147710,287754
User 17434499: 26946,4340239883,7990,176672,5876341738,1367369652,15448,424926402,2603278873,2452820820
User 19824245: 5808,1126068419,178279,98087,27240,297160,85577,1013224538,246377,10103
User 16906565: 1126068419,293326,5808,297160,193792,37855,1013224538,287754,3918,26946
User 18715578: 5808,178279,1126068419,98087,246377,3297,72608,85577,29060,27240
User 11454901: 902194547,192159,15656,3641188801,610483525,98087,3412,193792,6964355876,562332391
User 18669873: 5808,1013224538,287754,37855,1126068419,3641188801,15656,85381,3918,1372047272
User 13166511: 15656,37855,1013224538,178279,5808,29060,297160,246377,287754,298274
User 11068569: 562332391,3903,242031,175765,4592067395,32872,154696,5081709038,47291,579302405
User 16555186: 5808,26946,15272,28723,39796,5303612776,58682,3385814678,1372047272,27111
User 13901573: 193792,252920,1399276087,4440747756,27240,30690,293326,164967473,13489,282928
User 11303674: 30746,27111,1395055222,1565,4340239883,425574571,4440747756,102238,60181,242492
User 11555110: 24228,958967455,275397,293326,2275305671,248331,287754,84469,13276,6964389719
User 18593191: 287754,26946,1013224538,19735,6964509115,110118,5808,84469,298274,278228
User 11542052: 178279,1126068419,98087,17115,5808,84480,85577,10103,29060,246377
User 17207245: 585050534,275643,3259744496,9031920571,4378855865,251733,62564,412221533,196624,1367369652
User 13107111: 3412,246377,15272,3641188801,5808,114667,606565167,699596682,15656,1525093386
User 15295974: 42881,3871382696,6070455513,24228,30690,5928583379,27111,259551,3541,585050534
User 10246275: 293326,184728,6964355876,412221533,193792,13276,22766,169119,167376,15272
User 15998114: 84469,47304,9031958663,537766032,5847158141,24228,412221533,425574571,2932,271357
User 15370871: 412221533,2932,6964432726,6083,5847158141,6964355876,834046950,287478,192159,3871382696
User 13680570: 1399276087,144333121,282929,238079,4378855865,613338059,6964389719,2932,287754,196624
User 19881444: 578200049,3412,3918,65954,3422,102238,24228,4440747756,834046950,293326
User 17464078: 5847158141,195246,613338059,84803,5987,1399276087,723476024,3259744496,175477,145736
User 15938562: 178279,1422147710,1372047272,180183,5808,29060,299312,1129209231,6964372893,84480
User 13620446: 6964382172,499,6964498152,251733,958967455,4917442412,24228,275643,3297,145736
User 11418995: 65,623826388,84480,15656,292504,5763153469,20826,692396909,1367369652,295169
User 17953273: 15272,613338059,192159,616991921,3541,1395055222,5753595125,238079,3297,77592
User 13879853: 298274,274486,5303884212,251733,62564,286633,958967455,6070455513,167376,30746
User 12162956: 6964432726,1029,5920177625,62564,192159,846629637,14332,287478,251007,9031920571
User 14539683: 29060,292504,15656,178279,10103,286875,10093,699596682,37855,72608
User 10580201: 4486873654,1126068419,15656,293326,28723,1659144539,20530,614073139,1565,5993643095
User 13565877: 15272,6070455513,13276,3385814678,4917442412,2452820820,242492,425574571,251733,5303884212
User 18018996: 62564,1126068419,178279,5808,1367369652,15656,562332391,19735,29060,259887
User 14067967: 62564,1126068419,178279,562332391,1367369652,29060,623826388,19735,5808,15656
User 17840764: 287754,62564,1126068419,19735,51436,84480,4027624215,274486,85381,29060
User 13475033: 1126068419,27240,4486873654,15656,67648,1367369652,28723,246377,2652953122,84498
User 18902344: 196624,4378855865,62560,3385814678,27111,5928583379,2932,58682,3541,5753595125
User 14066425: 72608,29060,15656,178279,5808,3297,4027624215,287754,251007,65
User 17718683: 15656,178279,37855,5808,2652953122,1013224538,84480,193792,259887,252920
User 17622334: 118081,178279,5808,110118,1372047272,10100,175477,378772875,1126068419,98087
User 13798580: 4172036782,5808,178279,1372047272,98087,293326,292504,15656,192159,65
User 16187427: 2452820820,4340239883,5753595125,15448,1565,14335,167310752,274486,62564,1395055222
User 10340309: 3259744496,281934,169119,42881,255230,60181,1399276087,579302405,28723,294406
User 15642508: 1372047272,84480,85381,178279,287754,62564,5808,16232,699596682,4027624215
User 17804936: 1921968352,74707,1029,22766,9031920571,20826,5753595125,259551,5847158141,65882
User 15528228: 65882,572421629,984511820,271357,3259744496,9031920571,585050534,6964372893,84498,602804672
